5000
747
2365
634
778
1367
1206
872
1959
1635
1518
304
59
1818
1225
1357
1781
1034
2522
1995
2467
2906
797
2061
131
2868
2828
1501
504
165
378
196
2660
918
1901
2131
2444
2543
272
1712
768
2423
2462
1020
165
61
621
1017
48
76
2534
921
843
2200
1902
1826
715
1687
539
656
1736
1803
347
2435
1639
1291
1176
1739
85
1172
2719
823
1572
1960
1633
1474
2555
1976
757
2120
383
622
1654
2518
539
2409
916
237
1554
1866
103
2089
1121
758
2691
337
385
872
1368
1632
1622
2349
1269
605
1483
1706
1279
2640
360
2205
1094
1019
1519
58
503
1579
1111
545
2215
1051
2874
2745
271
2189
2724
1395
1529
2531
622
183
813
56
508
2424
1150
1174
545
2426
937
1858
736
2912
2188
2302
631
1677
971
1402
84
2023
944
2467
103
1681
1462
823
552
1498
1725
2940
1848
1485
1872
1695
1803
2897
524
318
2025
151
2798
168
2878
1021
1260
737
1221
1928
65
1306
1337
160
681
2896
789
1421
1723
2887
2054
941
2579
2672
1730
1413
1247
1419
207
186
1991
2261
1405
1447
2677
1450
361
2750
1133
1572
24
2866
945
2254
2109
1051
2905
758
1015
2105
1618
1335
2802
771
818
1952
2455
261
1554
611
328
216
958
2572
2284
1160
788
2320
113
2392
1522
1758
1282
2908
445
217
2626
1225
1743
2741
2985
1426
1350
1050
1333
1401
862
2838
466
611
1677
1435
687
2026
1131
1105
1784
2736
784
916
2050
2879
869
781
2804
2566
1547
2841
1964
1074
784
2011
2627
1444
2515
77
2533
163
875
227
2256
2804
1304
419
746
1758
2081
1061
1529
48
1480
354
836
1525
1789
636
2968
2691
1936
1941
370
2593
63
2204
755
2510
1401
380
1110
1748
2083
402
599
1242
1203
855
2264
1792
147
1109
2363
2148
2007
2652
641
1851
576
221
1916
1777
2343
46
1435
735
2956
2543
1345
1452
2495
1583
2407
141
87
2529
2583
2997
2906
2164
649
1278
684
680
1814
1902
3
525
13
2039
2545
2011
1960
728
1603
47
215
2206
1641
729
1091
19
2836
1918
2301
243
2933
1511
1059
1673
2537
1400
163
2434
29
2892
41
2335
2582
226
1277
2737
69
532
2033
2173
1867
2864
1162
2654
2423
1098
1715
2806
165
79
1411
1874
2388
2165
2073
1974
1033
1802
2327
504
1779
741
2513
2250
222
2689
2921
1356
2880
1339
2590
2454
1296
1135
914
5
246
797
471
1392
779
1117
2464
2845
1518
1719
760
2784
2725
301
415
1888
2840
2509
1999
1955
1750
2285
1782
2943
226
770
2654
1026
2153
1894
2225
1118
622
1672
1086
1017
2122
2398
192
1531
2050
2157
108
2216
2398
2105
605
2915
620
417
575
2102
2342
1879
1133
1545
563
587
2821
1223
389
1906
274
2820
1074
2511
809
1155
426
569
2193
1530
1211
108
170
2332
2978
1805
1406
1769
2931
1016
1183
744
1819
2364
2278
979
2092
2863
329
793
2734
491
1650
2760
2708
531
1070
2386
2375
221
2300
111
25
2600
30
1662
906
1069
1344
1653
105
2897
623
2957
1620
2739
1825
800
332
2538
2991
2417
2305
1519
305
1736
471
1469
2561
2672
938
97
2523
2175
963
465
2342
1142
786
1099
1713
2402
2550
720
894
638
1186
900
2409
108
70
2211
2237
1240
2877
1953
584
2831
1038
2361
689
1265
2574
1303
191
2057
2246
2491
1935
237
1619
2053
1875
851
1776
1438
2902
2595
2819
1389
40
2498
1658
1967
371
1226
1634
151
576
2651
928
1646
2740
2804
310
1107
2902
848
1461
1716
768
2708
2161
1636
1710
2111
2379
1419
1807
15
303
1264
850
1807
1901
1319
1495
1388
1948
102
2757
1373
167
162
201
1672
2116
2936
1929
2041
2931
2309
1757
1132
77
1364
510
1426
2915
1900
2397
1900
1659
1925
1754
1081
1599
1680
1491
2332
1593
887
1465
2079
1130
2690
1448
1348
1540
419
551
814
1833
1194
1913
1864
1804
2776
1297
1391
1725
2696
236
273
817
536
904
578
537
1869
1534
712
771
1730
531
234
126
1057
2835
937
186
1573
1475
42
1478
753
1188
667
1835
317
1838
389
2792
1342
472
694
1820
1544
643
2255
2138
2220
228
2538
1889
252
2795
1205
1006
1827
1176
2464
1504
1458
273
536
2162
423
2099
526
2061
1020
1566
2478
599
2721
713
2894
2835
1817
1863
312
2744
129
2491
2823
2952
2697
2045
1358
2663
708
1707
453
2032
1636
2506
877
2306
2717
1455
2070
1320
2676
82
1256
1797
779
1087
944
1504
250
1261
2761
2424
372
777
491
1472
1449
1748
578
2143
829
1097
719
1855
2802
2001
2792
411
2299
1208
32
2644
1928
369
2148
2313
2687
1173
1037
923
1079
1075
1172
2476
36
456
1181
755
1798
1869
2795
2949
2705
489
1207
1198
2694
1141
1842
248
491
406
164
2296
1210
1596
1144
1629
80
1679
152
2116
160
1972
1849
2950
2878
2642
2296
1811
788
2300
2583
316
2640
1988
469
1425
1702
2542
791
1139
874
1027
79
2461
2028
2025
1631
1102
522
1910
972
921
2932
2525
691
934
60
1686
346
1916
220
2084
2909
2412
2354
2520
165
2076
2271
2140
2550
823
501
2626
945
1368
455
2689
555
219
2421
1322
1317
2343
1771
2040
188
2871
573
2293
350
2550
2903
80
1011
1050
2673
1388
1837
2766
2329
2694
205
796
76
159
369
2710
896
1603
557
1081
2026
2702
2017
2888
284
66
864
2143
823
2664
754
1123
203
2525
1083
938
2449
260
1811
990
231
2901
338
2783
2454
1789
1517
473
23
1868
2881
518
1377
444
2186
342
834
722
1517
1378
1578
1952
1198
2962
283
1927
278
2238
1468
2526
2416
625
1327
1513
651
383
1900
2067
257
45
1611
2121
1875
97
1661
1072
2675
1444
1787
2824
1284
256
2358
792
163
636
476
2621
1952
1112
2451
435
1149
2956
1513
1361
1953
2123
2760
2481
2191
474
1141
1109
1755
2545
842
2246
1348
2337
1566
413
2514
987
411
199
2249
2940
2349
2136
2447
2283
939
826
2921
2670
1144
2599
782
775
1192
1876
1770
225
1234
1153
1551
1615
2142
2623
1902
1530
399
1172
2907
1190
608
1327
256
2333
2696
2884
319
1176
913
619
1034
991
133
1759
538
262
2809
357
637
1205
1643
497
204
2947
2294
2549
1600
424
1994
2014
735
2207
1014
2553
347
1782
677
1270
881
1615
854
2555
681
2904
272
1778
1839
1000
1175
714
1556
1342
2568
893
2725
1835
1896
2356
33
2804
486
2410
1362
1344
2305
1164
107
1157
823
1816
431
181
347
1292
1793
101
52
596
2957
2285
1101
251
1377
2524
2437
904
2643
1188
2665
273
2062
2648
1609
153
1967
106
2195
2090
2325
2879
182
157
2109
34
1812
808
1817
2532
2227
2124
2658
1394
2273
1626
1404
916
573
79
2570
2958
1912
1196
982
1599
917
2944
1782
1917
2942
911
1407
1017
1430
2310
164
1384
2566
1758
2397
1088
2446
920
801
246
1948
168
1950
2486
1798
1628
2389
2440
2141
1707
38
1038
2807
2889
2
2957
2558
157
113
955
751
1100
2141
559
1178
1204
1704
434
485
1524
2565
1293
1667
2212
1071
884
299
965
638
1443
114
2228
2482
143
1016
628
2478
1926
2148
1581
33
1583
2983
39
2864
193
562
846
704
1191
1836
1811
2229
844
1483
1572
822
2971
1211
1470
2947
2820
2522
713
1538
1915
2782
2820
1894
1874
1946
1071
354
2497
1266
445
1259
1656
1595
477
1942
2013
190
2774
2341
1712
1237
816
1418
1794
2366
2634
771
163
2910
2038
2772
65
1374
1379
2047
2901
2817
2317
2750
2190
1949
1995
1764
1313
1302
796
861
67
1026
1848
361
1556
2891
239
2606
2491
2208
1733
2898
1587
2588
650
1954
1849
162
1051
1472
2589
480
456
1412
921
181
226
294
2005
811
1610
2870
1223
625
1389
1410
1722
1542
1860
2689
1805
2291
2300
2722
882
834
2776
1293
1914
1391
991
2960
1209
2551
897
720
2214
1815
1932
2791
2994
350
2338
2064
721
2526
2101
1895
2813
1298
2051
1648
1355
2038
2767
1317
2651
2232
2905
2678
1086
2948
1136
1628
2619
1643
1702
904
597
2088
2856
1190
1567
1946
1506
1250
495
1606
2978
1672
2729
1895
48
1701
1164
2621
607
270
1767
129
1682
1281
663
2126
443
836
722
689
2940
1104
1767
2439
1961
494
2194
909
934
812
2606
2751
259
348
1734
260
1602
863
940
2653
2775
2725
186
1234
2200
1942
1632
538
312
2383
174
1565
1638
529
1068
2281
2734
2812
2057
1946
38
225
495
2255
1448
1761
1300
2601
993
304
1157
2464
574
805
1769
2170
2668
699
1453
1058
1146
2542
111
1404
228
1854
111
2014
1861
613
1848
1806
1669
242
826
1832
1758
2250
1638
616
2054
31
158
402
922
290
2143
2052
911
772
2180
548
2050
1008
689
1750
1904
2657
995
2213
2239
1413
205
2616
2584
2631
1829
1230
412
1009
310
2324
1602
404
2923
6
1341
1317
2665
2661
1458
2605
197
565
2653
1724
1954
1109
900
130
1462
1099
1660
1679
1450
707
1455
244
1626
2442
863
2565
2308
71
2078
934
898
1681
2469
360
431
2847
2338
1256
1618
2425
2893
1886
2236
1857
13
611
2769
2649
531
1952
2482
2396
154
2351
419
2386
1564
2712
1236
2736
30
474
733
465
268
1486
2185
864
1247
287
775
350
1616
1518
83
785
1288
1102
166
1366
2264
2452
1727
2246
277
1984
358
324
961
1889
1635
373
1286
727
480
1217
1916
2613
914
2655
2881
1290
2751
2370
1111
2708
1031
1745
290
2489
771
442
1693
1921
1175
95
2104
2679
2505
273
305
523
1735
907
2580
2708
160
495
648
1836
1121
2132
2807
1601
1604
2301
2265
744
2351
2262
2071
2095
1436
1120
2179
422
2810
2562
1044
2301
1805
671
1707
620
2187
1911
2155
2429
1395
1105
24
1008
2518
791
410
2678
407
250
2904
1668
1838
551
2755
2051
2230
1399
2380
2217
1890
354
1843
2305
105
2167
394
1135
1370
31
1942
1546
80
591
978
1040
325
2888
498
1776
1238
797
1835
996
2384
138
2053
2774
918
67
1811
1085
811
2367
1811
106
1629
2601
2679
2944
293
2554
2749
1604
471
1171
2029
2726
730
1699
541
2762
2940
1689
2955
2500
1749
1781
1409
720
447
2513
1804
1997
781
1611
2455
2288
2843
1590
1987
108
649
2910
1854
650
277
1877
1197
2266
668
1072
1059
452
1106
2782
1864
487
1577
1436
2649
2810
1243
1030
1075
2877
958
985
2577
2711
1434
2061
2690
132
1950
782
1298
1768
1361
1921
2493
2066
612
1788
1826
2682
12
382
1353
1683
1605
855
1232
2175
1920
1034
793
657
2521
2397
2696
1546
1184
1184
1217
485
1353
1209
1116
1860
1560
1318
2209
2182
202
1115
1712
71
2227
620
2085
2621
323
1223
1122
1424
1184
1334
1694
384
720
2814
2399
49
2049
2453
2651
1344
2224
873
578
570
1558
700
427
2346
2873
1661
1600
1666
2667
543
2195
542
1562
325
2503
2591
1093
1760
2727
169
1181
540
2053
2555
1028
682
162
1116
1435
122
380
88
1659
2704
1671
2073
1987
360
1135
1643
2394
1696
1626
563
2661
629
241
316
980
929
2799
1824
5
1319
2852
1703
264
1350
2065
2843
552
1183
133
2148
2456
356
1111
993
2222
1645
2557
2139
1110
82
2882
1134
2961
1069
26
2731
2419
1940
303
1544
2819
1704
1959
2823
1983
624
1971
866
1559
2694
2373
1626
3
1450
1632
2563
1398
1369
172
1165
2879
843
260
1275
604
1447
2858
1823
2936
2258
781
2363
2122
402
1518
733
2562
193
633
1140
4
1198
2424
2121
1589
2275
2660
1077
2154
2452
971
1508
1936
1775
2291
1500
661
499
2759
2404
589
886
2189
177
1369
1436
308
1211
2860
563
912
2886
729
804
1118
2097
1669
1506
1140
1090
568
790
1555
726
2819
2283
2063
1845
2949
2263
1020
1434
58
2117
1778
240
1256
897
1538
81
1013
2168
135
1596
948
1977
290
1892
2269
2045
939
2995
2889
2250
1509
767
2325
2811
2605
2666
811
1388
1433
302
2661
1281
1594
2746
1886
2391
1965
1163
1132
2474
1415
679
1867
1584
2573
2354
2440
1276
223
89
2378
579
239
2858
1393
140
2275
63
2813
1688
47
1816
359
847
634
2700
2578
2405
324
2600
264
1170
1431
1006
2319
2614
786
2412
995
2178
2651
1698
37
1319
2695
9
1502
1656
694
2681
2929
2380
720
1644
1247
896
2696
2857
1871
579
2362
1973
1480
2243
1501
2436
1459
686
1932
2963
2583
847
2044
1726
385
622
1983
2632
999
132
541
1146
2103
999
706
1012
1661
2519
2472
403
2351
2500
708
1935
2821
829
329
483
283
937
929
2436
2912
17
2721
2493
1078
1132
1428
2482
2569
2423
2535
32
276
2663
408
127
2280
1062
513
2175
1308
498
1507
1320
1252
937
2383
1533
368
732
95
2678
992
2266
1588
1044
2897
173
7
2927
1979
1248
2658
2688
995
388
353
969
1057
755
472
1153
705
213
2347
247
2337
2748
2028
2021
2997
619
164
2557
1519
1574
2010
103
2739
357
2162
85
2213
215
1242
140
1567
2154
1031
1802
291
1555
2570
1277
1371
1307
2956
1791
2298
827
1891
2179
423
479
2746
2884
1708
262
2250
765
227
2231
1021
1261
810
2345
2917
1402
997
2353
2807
1030
606
621
124
2142
875
1314
773
178
1139
967
1413
2078
2899
1574
1150
1659
2822
132
694
2953
1762
1545
281
1620
1874
1379
434
2488
609
1123
175
1317
175
865
1980
1259
620
865
1793
1007
1583
1916
80
2045
2259
789
2968
2707
2813
212
200
132
1060
708
461
2122
1571
1339
1345
2007
2778
1979
140
1075
323
1943
879
1433
1922
1914
1852
589
2265
2849
783
880
517
1121
444
351
519
168
1163
926
1941
1530
1318
2485
1902
398
302
2161
1090
2541
1733
985
1785
1665
574
258
1200
2374
1484
2
1498
46
2915
2297
1560
1855
407
2906
790
558
876
2277
554
2075
67
259
2628
423
2824
615
2604
1643
404
2249
2966
2422
2139
174
2281
2966
2750
725
1173
1178
2588
995
2515
2011
282
2138
884
1921
34
870
1086
2215
1785
2710
1450
1974
2920
1439
262
429
1375
2687
2969
811
1431
183
256
2912
2447
2675
517
1411
1762
2987
1548
921
2296
1671
1769
1540
659
440
269
526
1186
2993
1302
195
2475
2470
1231
2913
602
1369
1573
142
69
272
371
2052
1224
266
1573
2680
908
2867
1155
843
1845
2553
1065
1098
1696
1107
2718
234
1796
562
430
1202
931
494
592
2601
2035
818
1177
721
805
268
2651
1826
2523
1984
613
158
523
2330
1240
1907
536
1859
2683
2982
1786
1257
2559
1937
2148
2195
2379
1550
71
1099
1348
2565
1176
2948
669
211
970
738
635
2444
236
2225
87
874
2565
72
716
1281
684
224
1246
2292
1785
2576
2472
715
786
1011
1672
285
2759
1340
2028
206
2903
1051
367
1226
2850
750
802
100
1383
2229
2209
491
1785
2534
961
141
1543
2921
1292
1087
1937
1696
1654
1657
3000
1787
1932
2473
2892
481
1479
164
213
440
2588
2717
1465
2477
2037
1302
897
1164
1515
1667
781
97
579
1184
207
694
996
211
1601
969
2078
816
1965
819
1195
1612
326
142
1102
34
610
1306
2985
2102
1618
2369
2087
1870
1669
1511
2339
624
276
2825
2358
2868
766
162
1255
336
2245
2165
1315
2930
2084
865
1005
564
1369
507
2518
513
192
1735
486
2423
1323
2458
1682
634
790
2740
629
2089
762
2209
1002
2884
74
1071
2853
1631
1973
2004
1245
2525
1711
1195
1828
2629
1926
1753
1280
2916
1353
1376
1502
1056
265
1488
565
2250
2666
556
2147
659
472
1408
1232
886
1855
422
2211
665
500
335
440
40
150
2785
2562
2725
934
2299
1776
863
1558
1311
1257
2241
545
1195
926
1278
2410
1036
2487
2465
968
271
2183
1804
2110
2918
2633
2744
1657
101
920
2952
1783
1485
810
1931
1646
652
2431
758
785
348
180
2447
1644
1279
866
2953
1137
1879
1317
2067
169
2166
1690
945
1547
570
2392
2805
2767
1640
1035
75
1297
157
2671
1538
1605
209
1401
2565
1168
2862
2615
936
2148
1726
874
2596
1230
1434
2851
2773
1966
1815
2299
958
555
1665
737
2576
2156
800
2200
647
2257
2622
312
1620
750
1218
1685
1675
184
2853
318
2367
1300
190
849
1993
1444
2670
1077
1985
2090
690
1186
1747
727
943
1588
1973
1985
1463
1840
1844
1169
16
2327
2849
2775
2465
2987
2255
2668
2113
2847
1576
2840
1240
157
1428
1227
2069
311
869
2200
286
665
2634
2507
400
605
2966
2955
1328
759
2128
522
2690
1769
453
293
1947
1354
2509
834
1597
1355
2377
612
2548
1831
2559
571
105
1610
2176
2472
1931
2160
2219
348
2194
2162
119
1458
654
2168
707
2461
1619
2407
2806
2544
1902
1919
2348
547
1184
1409
537
334
2771
130
2208
900
1712
2015
2891
676
1714
2010
2923
1068
1371
1945
816
566
135
164
789
2834
1817
1624
2789
1556
104
1106
143
2369
1653
2656
481
2917
804
2599
2355
2518
2536
2948
2496
2552
1630
2105
2329
2284
870
1597
2346
1745
2674
1576
1901
1846
1142
1479
2865
451
806
1628
511
88
1141
2491
2330
718
2648
1879
2371
2107
1874
1261
1874
168
2593
221
502
2268
2291
203
1952
2292
590
366
2316
1374
671
1100
2982
354
2086
2849
1684
2850
696
2657
1304
2400
179
2582
361
637
446
1364
394
49
1245
94
2135
2661
1866
342
98
1751
729
1019
421
2753
2310
1994
220
53
1625
1269
1387
484
2903
331
1910
2281
580
2496
1254
1086
1497
724
545
1724
1241
2558
982
404
2060
2529
2273
417
988
337
2357
2842
2602
34
2985
1500
2563
760
1173
1367
1330
552
591
2800
324
1198
2223
275
97
2708
2801
1576
2712
2142
141
1193
2227
2271
2682
1549
2997
966
1423
2801
1244
596
1091
2294
1280
540
1327
72
1452
2589
673
836
1037
2397
525
2347
1525
1530
584
2091
1479
256
1243
769
998
439
1094
2792
1080
2430
10
2498
1908
93
498
1471
159
2662
2761
2472
1875
34
2612
2028
2633
2621
605
2759
614
850
1012
564
2564
1325
1701
336
2584
1381
1602
411
1064
1367
1594
2764
1166
835
1685
2085
1008
527
1674
527
1892
2806
1877
2259
1062
1516
2816
2076
674
801
2853
2442
2054
2312
2804
2332
19
1153
775
2731
1191
239
106
2069
2874
637
2384
422
389
2629
1674
934
1389
2331
894
2574
1292
34
2000
364
2293
1237
2929
473
410
1936
1554
71
2264
738
623
630
2505
2164
1473
462
572
319
1455
1516
856
1302
89
1639
630
2080
2627
2359
223
2661
1024
389
864
1505
1136
289
2048
1411
164
27
605
1510
2731
1217
2123
1822
1270
2678
2432
261
1181
307
897
2104
666
2607
1807
184
760
1451
2573
671
2836
151
2393
350
1587
1558
74
2063
2476
1777
542
2386
987
1776
2821
1427
943
1124
684
1498
163
225
2769
2279
2801
1266
2511
1278
1636
1054
729
1376
403
2109
1235
930
1941
1302
601
2346
1167
1484
2460
1392
1207
2828
221
299
2299
1795
2004
797
1992
602
1530
2932
1363
418
2812
2814
2179
2752
2704
306
2481
475
2875
961
1110
1505
2547
405
2351
2235
2397
1316
2057
2800
445
2284
2954
2543
2324
1104
2504
159
1417
1877
159
240
2094
1057
1943
2791
1897
1976
98
1655
2418
936
229
340
1237
640
2010
2548
2387
1493
1084
2380
1597
2248
1270
862
2740
952
2584
2265
913
2119
420
393
1248
2346
2023
2024
1556
1379
734
1844
1637
2516
1840
170
1140
2963
1352
2965
2062
1041
501
724
2153
1676
1689
2166
483
994
1178
703
2736
1583
81
1928
1568
1313
1679
801
2125
2335
429
1352
958
2506
2101
2741
1261
248
1992
1856
518
294
371
1358
2329
1010
1797
267
1448
1305
2709
1750
2622
33
529
1690
2251
2698
375
1959
1074
1923
1614
2350
2186
1490
441
1766
184
1861
1465
1311
474
2597
1447
2692
2966
2791
2614
1942
2505
2326
1314
68
2031
2340
1961
2995
2018
565
2327
2519
2722
566
98
2359
258
568
2193
939
306
477
2473
1551
1338
1854
111
600
83
2732
1927
566
1933
1589
2669
2850
2512
763
1332
1126
628
483
1614
314
2004
1390
1915
239
2079
227
2860
2818
1742
500
150
802
1168
617
1246
2214
586
1120
1277
286
1430
1912
224
2548
1974
1284
2886
461
1011
2183
2443
1072
2178
819
1746
1217
1267
2471
186
264
116
284
565
2125
743
1021
458
161
1723
2360
1169
2526
2646
1235
1258
1593
1500
2344
324
1079
2763
2235
2318
2291
594
1544
1268
599
438
2948
1297
2429
2531
1362
579
1014
2347
1917
2736
1262
2154
1533
2347
1418
2609
1876
2751
1657
2056
2455
885
50
2663
779
2713
61
2979
271
2044
2354
1094
1770
1235
1528
929
1865
2940
1898
455
529
700
299
1294
1657
2463
1029
2142
1136
2391
663
2727
1941
2872
160
1394
772
800
2403
1919
2224
2399
2169
1054
1734
2107
2244
311
1718
2773
2854
1302
891
692
2684
2265
2838
27
2447
98
1269
582
514
2870
2854
800
2449
2838
759
2809
2784
1386
1312
470
2313
904
59
2513
2467
264
2050
1484
1456
2174
970
2365
1166
2178
89
233
2337
289
2485
781
2272
1
1922
266
776
94
2365
520
2798
2344
2983
1803
2959
1039
1054
283
26
1639
2573
1500
1622
1878
1268
1807
1482
1393
1800
2653
1051
1496
1503
660
1343
2787
843
2900
779
2527
690
1374
222
1344
2449
1476
2948
2943
156
1286
1684
2743
2757
316
2497
1968
1101
2243
1052
1998
2530
2404
966
1961
665
2632
2748
1768
2581
85
1844
934
2534
2650
1511
162
241
452
2600
822
2190
2599
392
1970
2536
1386
1940
977
220
1515
2843
2299
1319
2310
863
2241
908
1795
1199
2508
1850
2221
1082
2952
212
2987
2857
1211
42
1062
620
746
1610
2019
1977
1283
1774
310
2117
1863
1077
1684
2703
1458
1942
2321
197
210
1415
575
2750
629
2527
422
2704
484
236
2723
16
1692
516
1571
1654
380
1131
1373
208
595
1330
2587
520
1657
2623
927
475
71
2180
340
929
2037
1855
2166
2149
1772
1934
924
1706
2205
886
1114
845
808
1835
2913
1765
899
2134
1158
342
2222
961
2372
71
2792
2818
258
603
2502
1040
2734
2869
181
1408
2563
2368
308
1138
1641
2745
323
1052
2994
2432
2370
1656
2343
1476
2736
2304
1108
2506
2788
1807
1026
1520
2165
1222
1003
2413
1751
2386
967
2295
296
479
1156
2527
1392
1536
1846
1068
903
587
2039
1092
509
2936
974
1372
1006
1898
2087
654
563
326
2333
2805
2538
2132
36
757
47
486
1130
1895
1048
1556
2776
981
1633
2261
299
2031
726
1304
872
2886
818
1944
2750
1813
2127
2726
88
860
1307
2935
1405
744
2444
725
2845
1597
2646
618
432
2181
919
1989
1168
704
852
945
1924
244
534
360
2248
2952
618
2162
579
677
2520
423
227
2499
1712
995
539
497
1743
31
2127
2271
1133
995
836
2887
2676
1813
2571
1268
2865
1895
1074
69
1018
311
2217
168
512
1534
2070
130
1039
1549
435
2563
6
2940
116
1605
2085
1284
854
2075
1616
1587
2768
1666
1689
330
902
1611
2357
1812
1341
849
1462
654
2149
1642
2708
1418
1053
1737
535
2936
2281
1947
2358
1944
1609
836
1792
630
763
2824
767
1857
2957
120
610
300
101
1617
1063
623
593
2365
2359
2750
2893
2921
2118
332
2437
246
924
341
256
1095
2358
1808
1282
1820
2277
2991
2255
2331
1468
1477
2929
303
2006
1544
366
2181
1527
2259
2765
534
383
549
1553
418
1916
1140
202
1571
1414
1634
395
1206
738
1720
471
2037
2178
2958
281
911
2535
2234
1295
1256
1135
1834
220
2620
2964
1912
1365
28
2411
1143
645
1058
2971
1494
22
528
1327
1987
2343
2131
66
851
586
2242
1994
1399
2320
1818
608
1494
1924
671
2954
1312
2634
1045
578
985
1598
2032
2508
2513
1311
1321
2658
1068
2038
357
153
1984
2227
524
1943
724
65
1773
2005
1325
2181
1512
1395
1809
919
1982
3000
2125
1720
925
1886
1862
2607
2751
1114
200
2642
681
662
1296
2945
150
1007
1873
2377
1680
664
2500
1496
657
2381
253
440
387
2764
490
2807
1671
1998
2549
1552
598
898
1467
955
2714
1175
665
1414
1709
1938
2735
986
176
1132
1357
2860
235
1219
1957
1222
1748
2084
790
1994
1742
585
1763
500
1282
1861
2395
1963
2745
1440
545
2399
1015
1118
2138
801
1603
2203
1351
91
1846
1010
1405
2449
387
436
1778
513
1378
1391
251
498
901
583
2315
1602
1693
2000
868
1686
2285
1268
1977
2593
1254
1587
471
223
2306
1796
2072
327
2110
1463
1472
1939
2030
2792
2785
188
222
1222
816
344
2651
973
975
2696
1507
845
2491
2380
2373
1889
1046
846
2197
1772
2968
126
2123
2358
1847
1139
2774
2527
1690
1309
1044
1059
448
1102
318
2256
2158
307
1291
1768
75
196
1355
2387
2861
1230
1886
677
2697
1256
449
1208
646
2112
2569
2034
1700
2530
939
119
717
1122
2277
2581
670
2335
2503
1199
2124
1862
758
2163
2265
155
1146
496
2871
1556
1552
2530
153
2270
830
2878
2620
147
486
555
639
1631
1782
2739
2847
2336
793
14
2673
1045
1342
2067
2156
103
41
2636
469
72
2655
659
1310
124
824
117
2590
541
162
2336
63
2939
306
2296
2328
1579
988
33
1543
1283
447
736
394
232
835
1225
447
2455
2158
2131
1495
2812
2111
475
2685
1711
1380
1926
1955
1639
656
2278
2763
1997
1642
1311
2740
1869
805
936
1253
1573
125
2437
650
777
1164
965
1554
2840
563
2302
1618
131
2217
2765
2260
543
1381
1115
2616
769
509
2904
353
2133
1022
1958
226
2056
255
1229
1874
1711
175
1847
2502
2077
339
270
1523
327
1329
110
2935
1061
1722
2727
2968
2517
1641
183
1457
215
1133
2767
992
305
729
1550
2662
2490
1681
65
2702
326
17
1651
1297
1
1487
2238
2059
2109
154
954
1714
811
619
2133
1000
23
275
1011
1544
1240
1513
2560
977
783
1027
154
2326
603
1987
2964
861
2182
1518
1787
14
436
2275
746
1278
2906
1804
1408
481
195
173
2160
317
1387
2191
421
2130
50
2229
1087
2352
446
495
2192
507
2035
2391
2691
1985
701
2077
386
1452
656
771
704
269
1629
1693
1623
309
262
380
1880
2440
2474
847
653
846
1229
1576
1844
2017
84
2677
1442
2660
2229
1651
429
1296
1392
217
2065
122
347
471
1901
2394
2314
2449
1736
2432
1769
1085
783
1128
358
1999
1241
1724
120
36
2190
2801
2745
1161
525
1281
452
2574
1568
1267
2385
827
818
393
2994
1695
452
2330
668
1082
1914
2809
2227
2660
2118
1426
2245
2404
23
2175
2940
2277
2453
905
2925
1094
1884
93
1344
1769
1308
2627
792
2945
2788
1017
339
374
2474
164
1142
2447
1745
1639
735
2102
1622
2653
168
24
849
1074
2799
2380
2148
1506
2830
1489
1386
62
2002
860
534
152
1575
1050
1180
796
772
2523
2301
655
841
1748
2215
2415
1653
465
1948
1034
2863
1346
1185
1701
516
1276
2405
90
797
15
1273
2640
586
2471
2923
431
2171
2852
1208
142
823
2593
732
1048
2513
2797
499
139
1905
895
2710
2713
2484
2494
130
501
1340
1826
835
1749
2242
812
1809
2217
2219
1274
553
1033
2350
2162
1003
149
1476
2688
308
2549
2087
1222
2522
311
2494
1287
2249
2310
2337
1184
1859
1968
1393
855
2501
942
564
2384
2415
888
764
93
230
1610
69
2881
191
750
2686
976
307
1763
2379
152
624
1555
2378
303
2635
1545
121
478
171
257
1395
2483
2003
2258
801
1556
1059
272
1808
1726
2815
1266
2505
1358
2637
2694
123
1168
226
2181
1396
2878
1247
1412
2487